timpi=[0 3 5 8 13];
distante=[0  225  383  623  993];
viteze=[75  77   80   74   72];